44 49 19.631424
44 49 19.631424
44 49 19.631424
44 49 19.631424
44 49 19.631424
44 49 19.631424
44 49 19.631424
44 49 19.631424
44 49 19.631424
44 49 19.631424
44 49 19.631424
44 49 19.631424
61 62 18.476886
61 62 18.476886
61 62 18.476886
61 62 18.476886
61 62 18.476886
61 62 18.476886
61 62 18.476886
61 62 18.476886
61 62 18.476886
61 62 18.476886
61 62 18.476886
61 62 18.476886
61 62 18.476886
61 62 18.476886
31 76 11.371513
31 76 11.371513
31 76 11.371513
31 76 11.371513
31 76 11.371513
31 76 11.371513
31 76 11.371513
31 76 11.371513
31 76 11.371513
31 76 11.371513
31 76 11.371513
31 76 11.371513
31 76 11.371513
31 76 11.371513
31 76 11.371513
3 91 8.109729
3 91 8.109729
3 91 8.109729
3 91 8.109729
3 91 8.109729
3 91 8.109729
3 91 8.109729
3 91 8.109729
3 91 8.109729
3 91 8.109729
