49 44 19.631424
49 44 19.631424
49 44 19.631424
49 44 19.631424
49 44 19.631424
49 44 19.631424
49 44 19.631424
49 44 19.631424
49 44 19.631424
49 44 19.631424
49 44 19.631424
49 44 19.631424
11 16 18.476886
11 16 18.476886
61 62 18.476886
11 16 18.476886
11 16 18.476886
61 62 18.476886
11 16 18.476886
11 16 18.476886
11 16 18.476886
11 16 18.476886
3 61 18.476886
3 61 18.476886
3 61 18.476886
3 61 18.476886
31 76 11.371513
31 76 11.371513
31 76 11.371513
31 76 11.371513
31 76 11.371513
31 76 11.371513
31 76 11.371513
31 76 11.371513
31 76 11.371513
31 76 11.371513
31 76 11.371513
31 76 11.371513
31 76 11.371513
31 76 11.371513
31 76 11.371513
91 3 8.109729
91 3 8.109729
91 3 8.109729
91 3 8.109729
91 3 8.109729
62 47 8.109729
62 47 8.109729
62 47 8.109729
62 47 8.109729
62 47 8.109729
