[(55, 148.18), (66, 153.63), (30, 153.89), (40, 167.07), (85, 217.5), (83, 229.67), (24, 237.34), (56, 271.17), (70, 452.57), (45, 536.69), (41, 556.62), (78, 618.42), (82, 619.62)]
[(82, 124.81), (48, 128.95), (86, 176.39), (61, 189.12), (60, 247.54), (32, 262.31), (57, 292.34), (73, 294.67), (26, 344.51), (27, 354.94), (90, 376.75), (75, 423.51), (70, 430.13), (15, 463.67), (77, 465.49)]
[(20, 209.54), (80, 231.29), (83, 410.24), (96, 425.69), (39, 444.27), (30, 479.21), (32, 482.49), (85, 582.13), (86, 583.02), (88, 621.88)]
[(70, 159.23), (14, 176.45), (45, 202.91), (8, 298.54), (48, 314.6), (78, 339.77), (67, 407.73), (88, 412.22), (41, 428.48), (53, 473.46), (33, 554.66), (19, 736.24)]
[(30, 156.89), (44, 161.94), (51, 166.38), (72, 181.88), (83, 225.72), (87, 245.47), (21, 245.83), (43, 257.67), (22, 281.37), (32, 365.14), (77, 453.25), (11, 489.75), (67, 565.23), (84, 585.48)]
[(26, 181.17), (89, 223.84), (77, 372.62), (47, 381.0), (69, 434.69), (72, 442.67), (86, 504.81), (84, 566.26), (40, 602.9), (36, 604.7)]
[(86, 166.88), (26, 200.36), (66, 201.97), (23, 213.84), (22, 334.53), (93, 402.73), (77, 404.08), (94, 404.14), (24, 431.01), (21, 459.66), (40, 465.28), (32, 467.06), (87, 472.13)]
[(45, 128.26), (96, 142.75), (36, 173.28), (46, 262.81), (73, 373.47), (43, 394.49), (83, 406.0), (12, 445.96), (75, 467.25), (59, 498.08), (61, 619.01), (44, 671.57)]
[(32, 116.52), (75, 172.29), (81, 184.12), (26, 191.89), (79, 261.69), (30, 331.03), (84, 335.39), (41, 373.68), (50, 405.66), (61, 436.26), (29, 470.73), (78, 511.93), (80, 528.95), (95, 541.17)]
[(57, 152.69), (34, 222.88), (64, 247.39), (93, 291.89), (27, 352.58), (72, 355.31), (74, 357.47), (86, 368.46), (30, 370.12), (52, 398.48), (88, 437.87), (55, 501.34), (43, 569.69)]
[(45, 129.63), (21, 147.45), (47, 208.7), (28, 321.53), (30, 329.58), (29, 361.51), (52, 475.5), (70, 518.74), (57, 522.08), (98, 752.68), (16, 824.95)]
[(72, 152.24), (76, 160.2), (27, 164.01), (32, 235.18), (90, 239.97), (55, 279.66), (99, 297.01), (69, 317.75), (61, 320.85), (36, 334.43), (29, 346.46), (68, 417.07), (70, 428.35), (78, 489.96), (39, 538.21)]
[(88, 232.76), (20, 254.9), (59, 254.97), (5, 269.87), (86, 280.62), (71, 294.84), (58, 316.04), (83, 317.7), (91, 329.06), (34, 390.67), (2, 394.46), (10, 432.64), (48, 439.54), (39, 546.31)]
[(2, 187.56), (86, 208.38), (65, 225.49), (11, 263.6), (76, 305.12), (30, 307.11), (38, 310.36), (90, 360.73), (46, 461.34), (77, 471.17), (96, 473.15), (92, 479.49), (40, 587.34)]
[(70, 253.48), (56, 298.13), (48, 344.41), (35, 354.65), (28, 389.29), (66, 401.35), (76, 442.36), (38, 465.34), (19, 470.35), (91, 486.67), (83, 514.45)]
[(77, 137.99), (93, 163.44), (29, 273.26), (1, 328.99), (79, 334.49), (30, 371.04), (17, 408.04), (40, 557.82), (44, 566.21), (28, 566.63), (9, 688.52)]
[(82, 220.98), (86, 258.93), (40, 332.61), (100, 363.36), (34, 365.16), (88, 394.64), (12, 429.42), (46, 458.17), (39, 468.06), (42, 516.05), (9, 548.76)]
[(39, 170.59), (51, 202.3), (38, 234.63), (99, 281.31), (69, 310.79), (30, 337.27), (1, 337.55), (97, 358.66), (92, 403.27), (29, 451.75), (57, 484.07), (90, 493.14), (2, 589.75)]
[(94, 144.56), (58, 197.06), (87, 220.63), (21, 257.31), (90, 277.5), (6, 368.05), (34, 375.65), (8, 403.4), (28, 415.53), (69, 423.86), (88, 443.64), (75, 510.05), (43, 562.58)]
[(99, 133.39), (92, 198.99), (30, 213.63), (34, 229.26), (88, 243.42), (44, 277.13), (8, 368.7), (2, 411.28), (83, 463.04), (13, 487.24), (91, 501.02), (6, 508.46), (59, 523.53)]
[(16, 193.37), (73, 263.23), (75, 327.49), (4, 342.27), (93, 367.78), (20, 397.68), (55, 416.61), (2, 477.27), (12, 504.08), (76, 557.68), (79, 586.67)]
[(82, 112.46), (39, 129.49), (73, 191.15), (95, 196.16), (90, 199.25), (14, 206.69), (65, 252.77), (23, 332.45), (25, 338.29), (62, 341.71), (13, 381.46), (8, 505.58), (77, 566.24), (43, 576.42)]
[(93, 138.48), (8, 140.76), (65, 197.5), (34, 202.89), (58, 321.62), (95, 449.99), (15, 470.97), (31, 510.07), (61, 537.3), (43, 661.74), (12, 867.78)]
[(27, 140.89), (72, 167.13), (97, 176.39), (26, 223.01), (88, 227.21), (28, 287.03), (4, 321.03), (41, 349.02), (51, 393.02), (33, 657.8), (82, 723.24), (35, 732.06)]
[(10, 151.41), (58, 176.07), (53, 213.84), (67, 218.24), (47, 270.56), (100, 310.45), (46, 330.83), (90, 440.51), (55, 468.87), (84, 538.95), (73, 540.9), (68, 545.81), (4, 595.96)]
[(39, 156.73), (98, 168.43), (29, 199.67), (20, 205.08), (90, 216.5), (37, 224.19), (100, 232.92), (65, 295.62), (7, 365.65), (25, 422.74), (33, 426.05), (21, 443.15), (27, 562.93), (9, 575.07)]
[(74, 139.23), (35, 145.54), (7, 163.36), (33, 195.7), (82, 277.65), (28, 285.99), (62, 333.23), (20, 343.64), (38, 368.66), (75, 383.65), (54, 386.82), (31, 393.98), (41, 453.23), (88, 568.97)]
[(90, 143.34), (82, 175.94), (36, 194.03), (59, 233.14), (88, 262.09), (65, 271.27), (62, 316.04), (91, 324.62), (20, 470.78), (71, 528.05), (79, 559.0), (72, 617.84), (21, 624.79)]
[(36, 129.48), (90, 241.41), (46, 315.75), (67, 355.54), (50, 358.45), (68, 395.23), (76, 407.18), (13, 411.22), (19, 504.6), (11, 530.95), (58, 545.97), (61, 549.56)]
[(83, 192.46), (97, 289.55), (3, 315.84), (4, 380.88), (25, 410.45), (95, 423.79), (2, 427.86), (54, 533.76), (42, 555.83), (56, 592.67), (77, 703.75)]
[(90, 176.8), (25, 184.79), (12, 485.11), (46, 526.69), (49, 533.09), (88, 608.74), (38, 625.41), (17, 632.22), (3, 637.44)]
[(13, 173.42), (90, 213.6), (88, 232.35), (98, 326.99), (19, 379.68), (23, 385.91), (63, 419.77), (64, 487.94), (48, 491.86), (96, 504.73), (92, 541.91), (16, 558.01)]
[(23, 277.64), (59, 356.47), (6, 405.28), (36, 427.25), (10, 455.04), (91, 475.59), (72, 498.91), (55, 521.02), (28, 571.81), (96, 629.79)]
[(25, 163.05), (49, 196.98), (61, 229.12), (81, 230.33), (60, 307.29), (54, 323.12), (16, 324.11), (95, 357.54), (93, 373.94), (62, 379.56), (23, 389.1), (32, 425.66), (1, 453.45), (35, 461.59)]
[(66, 286.67), (77, 363.25), (76, 495.79), (72, 505.38), (32, 571.11), (23, 591.97), (68, 624.33), (97, 716.43)]
[(87, 178.09), (59, 183.74), (52, 256.33), (90, 339.45), (38, 364.92), (72, 367.11), (70, 405.4), (61, 423.2), (22, 440.29), (93, 461.2), (9, 468.6), (88, 497.97)]
[(70, 169.55), (42, 189.31), (75, 198.73), (83, 240.98), (25, 285.24), (29, 287.21), (30, 344.75), (86, 374.91), (81, 469.3), (6, 495.54), (24, 568.75), (59, 570.1)]
[(5, 174.04), (60, 202.46), (42, 261.69), (54, 378.28), (63, 393.21), (39, 461.64), (87, 510.92), (89, 557.96), (61, 562.07), (2, 600.31), (9, 633.33)]
[(8, 235.15), (42, 265.76), (15, 279.7), (83, 280.88), (65, 282.58), (62, 308.03), (21, 369.51), (64, 405.44), (29, 428.63), (30, 456.75), (7, 499.84), (60, 560.77)]
[(56, 127.52), (87, 159.1), (18, 218.0), (64, 222.48), (21, 227.24), (13, 270.45), (32, 336.61), (58, 356.05), (97, 359.94), (75, 419.2), (5, 467.05), (11, 477.2), (22, 483.47), (6, 485.16)]
[(84, 186.65), (28, 204.66), (76, 277.97), (6, 280.73), (40, 294.18), (82, 295.16), (80, 295.87), (30, 333.33), (46, 351.28), (85, 363.0), (64, 377.2), (54, 380.64), (52, 395.71), (13, 439.17)]
[(64, 137.25), (46, 259.44), (15, 268.47), (62, 308.37), (44, 320.66), (87, 468.87), (39, 480.8), (81, 552.59), (65, 606.49), (51, 628.44), (30, 640.42)]
[(98, 165.8), (97, 167.49), (27, 258.87), (15, 309.61), (42, 331.45), (38, 336.6), (8, 365.9), (46, 379.48), (95, 408.9), (49, 489.66), (18, 498.99), (79, 506.13), (11, 520.05)]
[(62, 157.7), (17, 249.68), (71, 279.93), (51, 315.42), (81, 398.94), (99, 500.18), (98, 553.15), (67, 570.45), (76, 591.14), (84, 606.57), (57, 627.95)]
[(46, 136.77), (76, 179.91), (88, 211.99), (94, 297.2), (50, 334.55), (52, 363.83), (40, 549.9), (70, 561.58), (22, 617.83), (51, 635.09), (31, 664.2)]
[(99, 177.9), (17, 257.92), (76, 276.09), (25, 329.18), (29, 372.94), (63, 452.07), (82, 507.51), (28, 523.28), (77, 534.68), (66, 575.84), (86, 577.57)]
[(87, 158.56), (26, 168.41), (65, 206.18), (2, 245.48), (96, 328.64), (82, 331.58), (92, 387.28), (19, 412.08), (77, 432.89), (93, 455.09), (79, 538.32), (63, 559.03), (97, 569.4)]
[(25, 304.32), (68, 355.44), (31, 364.01), (54, 368.1), (76, 430.45), (40, 437.51), (38, 442.81), (58, 510.89), (49, 559.33), (77, 603.05)]
[(75, 174.68), (45, 236.69), (14, 344.98), (58, 348.42), (54, 350.75), (92, 362.34), (89, 392.01), (59, 436.57), (31, 538.59), (22, 593.52), (9, 611.44)]
[(19, 120.24), (51, 233.83), (49, 273.98), (22, 303.02), (13, 305.78), (70, 338.5), (91, 369.09), (99, 381.87), (60, 421.51), (93, 445.73), (3, 469.2), (85, 480.31), (80, 564.51)]
[(54, 282.15), (16, 359.26), (70, 397.26), (52, 477.85), (50, 479.84), (12, 486.11), (5, 527.6), (42, 542.2), (66, 571.03), (43, 574.99)]
[(65, 137.93), (38, 146.01), (49, 169.0), (39, 235.93), (28, 254.41), (14, 256.9), (53, 456.37), (26, 458.84), (8, 484.95), (19, 503.79), (95, 508.92), (78, 533.47), (58, 557.29)]
[(86, 188.96), (93, 199.21), (88, 205.94), (85, 217.87), (95, 248.25), (60, 307.08), (11, 320.2), (43, 374.23), (84, 379.73), (10, 408.39), (100, 426.53), (44, 474.68), (52, 475.41), (69, 519.31)]
[(81, 134.04), (61, 139.31), (37, 243.05), (82, 283.33), (20, 334.96), (19, 434.07), (77, 492.1), (32, 603.61), (57, 620.18), (3, 649.19), (43, 698.46)]
[(52, 202.96), (81, 240.49), (27, 388.01), (9, 439.95), (24, 466.05), (68, 485.07), (64, 569.46), (100, 587.73), (98, 602.77), (12, 633.94)]
[(70, 225.48), (29, 226.17), (100, 382.46), (44, 388.39), (30, 439.81), (46, 506.96), (89, 512.19), (43, 513.72), (14, 544.18), (10, 546.49)]
[(78, 232.98), (32, 235.14), (95, 245.81), (66, 289.18), (64, 359.77), (22, 438.46), (75, 551.22), (12, 613.51), (39, 720.28), (16, 722.39)]
[(13, 184.93), (46, 195.24), (9, 252.24), (11, 260.16), (44, 266.0), (23, 297.15), (86, 348.65), (42, 352.78), (95, 404.96), (90, 518.99), (60, 563.41), (8, 655.55)]
[(20, 121.09), (89, 162.46), (10, 198.74), (8, 235.31), (63, 327.3), (97, 341.68), (17, 354.5), (4, 377.38), (61, 484.03), (99, 518.86), (18, 548.41), (86, 603.96)]
[(43, 314.78), (50, 362.24), (71, 385.83), (12, 454.45), (16, 456.9), (29, 469.15), (76, 481.39), (40, 517.88), (75, 577.97), (77, 613.84)]
[(27, 261.07), (70, 289.99), (47, 304.84), (3, 345.36), (5, 378.4), (6, 426.34), (24, 437.65), (89, 451.61), (43, 451.86), (29, 456.37), (40, 459.68), (71, 481.2)]
[(4, 164.73), (43, 222.23), (58, 288.25), (77, 288.36), (27, 356.24), (2, 366.14), (47, 376.61), (40, 413.33), (95, 481.92), (53, 511.96), (31, 535.26), (83, 577.63)]
[(27, 135.63), (10, 194.43), (15, 300.08), (42, 338.1), (25, 342.43), (47, 343.56), (82, 346.58), (74, 495.51), (49, 532.85), (81, 539.45), (73, 552.55), (55, 567.33)]
[(22, 115.58), (6, 116.63), (61, 145.1), (16, 247.74), (83, 376.65), (11, 414.46), (7, 445.91), (77, 449.22), (17, 486.84), (28, 495.0), (14, 496.85), (59, 520.23), (92, 552.49)]
[(9, 192.56), (81, 304.63), (85, 352.22), (54, 358.1), (45, 397.67), (63, 437.51), (29, 546.0), (33, 555.26), (20, 594.98), (26, 695.95)]
[(44, 112.48), (73, 149.37), (17, 150.78), (42, 154.5), (3, 190.28), (34, 207.44), (10, 345.54), (81, 450.13), (95, 450.44), (98, 464.14), (5, 492.16), (25, 524.13), (23, 576.56)]
[(16, 214.08), (81, 235.31), (94, 249.32), (93, 302.33), (64, 330.66), (22, 387.54), (23, 388.06), (33, 419.9), (8, 425.88), (45, 456.61), (77, 482.33), (15, 489.37)]
[(89, 204.46), (33, 223.66), (19, 259.46), (54, 280.59), (81, 285.07), (39, 312.85), (91, 343.32), (14, 362.15), (66, 449.19), (79, 557.57), (75, 597.67), (35, 814.45)]
[(77, 207.47), (27, 223.82), (14, 255.89), (1, 256.74), (53, 347.83), (21, 364.97), (56, 372.07), (3, 384.21), (68, 423.68), (11, 460.68), (71, 519.25), (91, 542.81)]
[(100, 118.31), (32, 127.83), (5, 160.64), (45, 196.56), (46, 213.83), (17, 218.72), (90, 239.16), (86, 260.37), (11, 308.48), (1, 346.24), (97, 351.48), (61, 380.07), (36, 456.05), (4, 584.26), (9, 625.95)]
[(89, 116.76), (58, 172.48), (62, 196.91), (69, 203.67), (37, 243.85), (82, 284.84), (100, 353.47), (65, 353.89), (43, 356.84), (25, 372.26), (76, 390.61), (78, 482.18), (34, 483.37), (21, 492.26)]
[(22, 194.35), (37, 195.81), (78, 243.24), (41, 246.85), (42, 290.7), (17, 293.29), (12, 318.33), (47, 352.31), (44, 402.99), (67, 588.63), (4, 590.6), (8, 592.44)]
[(84, 177.62), (24, 179.24), (38, 249.24), (11, 254.43), (15, 257.5), (13, 272.81), (92, 302.06), (12, 303.42), (41, 332.1), (57, 348.55), (35, 353.48), (85, 451.5), (76, 513.61), (100, 588.86)]
[(92, 142.55), (50, 215.08), (96, 232.37), (67, 299.71), (56, 344.17), (60, 395.86), (34, 426.82), (22, 520.3), (13, 575.59), (17, 586.64), (19, 599.23)]
[(48, 185.84), (13, 279.25), (71, 291.65), (78, 380.68), (63, 387.45), (50, 421.3), (35, 480.25), (58, 519.45), (8, 532.46), (43, 552.03), (68, 568.86)]
[(48, 149.79), (14, 183.96), (35, 184.21), (59, 207.91), (54, 210.53), (52, 212.3), (18, 223.51), (25, 234.9), (40, 277.43), (100, 281.62), (39, 314.95), (61, 321.54), (32, 338.85), (57, 347.48), (72, 519.3), (98, 544.43)]
[(29, 248.53), (14, 272.18), (3, 277.58), (72, 282.89), (42, 375.32), (48, 393.86), (71, 406.56), (40, 471.31), (34, 598.54), (26, 622.96), (38, 666.09)]
[(12, 178.21), (43, 189.31), (34, 195.38), (73, 252.93), (82, 260.57), (7, 267.82), (90, 291.43), (54, 358.88), (57, 361.13), (79, 394.04), (68, 396.82), (41, 397.7), (27, 399.3), (84, 422.15), (18, 505.91)]
[(77, 224.5), (24, 408.04), (69, 456.45), (93, 517.55), (11, 581.17), (74, 696.37), (89, 734.69), (22, 830.45)]
[(44, 186.18), (43, 202.81), (3, 238.38), (8, 272.6), (93, 313.28), (96, 372.91), (54, 443.75), (65, 512.96), (22, 527.52), (49, 547.8), (48, 590.72), (17, 593.08)]
[(23, 195.56), (62, 213.76), (20, 226.78), (29, 256.23), (55, 275.3), (79, 276.51), (73, 284.68), (50, 318.28), (69, 339.38), (58, 403.92), (47, 506.21), (52, 536.81), (33, 588.69)]
[(7, 213.32), (60, 251.43), (75, 292.75), (87, 309.21), (51, 329.68), (16, 373.5), (71, 397.09), (83, 401.8), (92, 409.55), (95, 437.63), (44, 471.61), (100, 561.99)]
[(71, 118.59), (86, 179.3), (40, 181.7), (29, 225.91), (81, 242.4), (56, 246.63), (16, 259.62), (55, 274.19), (32, 280.58), (22, 280.63), (47, 345.84), (99, 378.73), (64, 397.13), (34, 412.08), (44, 428.89), (13, 432.94)]
[(69, 174.15), (9, 174.29), (13, 181.03), (24, 331.18), (17, 357.21), (99, 357.84), (57, 365.69), (67, 411.3), (74, 503.88), (49, 507.66), (90, 538.38), (44, 591.59)]
[(74, 183.95), (20, 201.18), (8, 209.44), (79, 219.68), (15, 223.37), (23, 239.42), (40, 241.7), (75, 246.23), (52, 490.91), (64, 497.05), (57, 499.06), (11, 540.94), (73, 549.3)]
[(88, 162.35), (49, 228.62), (22, 236.6), (19, 248.23), (4, 257.63), (87, 268.85), (35, 349.64), (32, 359.48), (41, 378.15), (60, 455.59), (100, 502.77), (6, 530.8), (71, 535.4)]
[(43, 223.5), (79, 269.46), (74, 269.77), (85, 308.97), (6, 318.55), (24, 328.49), (94, 348.76), (38, 363.71), (21, 374.73), (72, 426.16), (93, 446.05), (37, 451.54), (8, 473.89)]
[(73, 146.82), (57, 196.47), (91, 208.92), (93, 231.55), (83, 241.07), (37, 346.02), (59, 361.94), (74, 365.86), (5, 415.48), (100, 442.71), (12, 563.75), (30, 695.57)]
[(39, 141.91), (31, 146.71), (82, 153.87), (22, 203.5), (18, 231.82), (30, 254.55), (72, 254.78), (2, 310.8), (84, 315.16), (69, 329.14), (70, 379.4), (42, 388.55), (50, 414.32), (38, 445.25), (58, 493.55)]
[(65, 144.0), (64, 165.64), (32, 182.31), (2, 193.73), (13, 246.65), (19, 251.62), (42, 365.69), (34, 389.34), (21, 389.94), (66, 458.2), (79, 513.32), (53, 524.88), (54, 544.0)]
[(6, 225.7), (62, 227.52), (16, 247.04), (82, 269.64), (61, 320.08), (38, 459.75), (87, 506.66), (33, 587.58), (88, 604.26), (79, 675.61), (74, 697.59)]
[(14, 122.39), (78, 132.2), (67, 163.61), (39, 186.64), (83, 267.82), (23, 338.15), (56, 341.45), (79, 387.31), (50, 442.17), (65, 462.13), (37, 480.52), (42, 657.99), (12, 678.01)]
[(46, 120.81), (82, 123.18), (58, 143.14), (74, 160.25), (17, 177.58), (43, 183.24), (37, 212.64), (10, 219.81), (28, 239.0), (92, 259.35), (30, 322.74), (67, 330.18), (29, 369.97), (4, 572.7), (6, 600.14), (95, 613.6)]
[(63, 137.42), (10, 164.75), (35, 194.14), (3, 245.98), (40, 329.93), (84, 335.49), (32, 361.46), (69, 362.07), (21, 365.06), (4, 368.59), (48, 430.61), (22, 450.1), (77, 533.8), (87, 572.79)]
[(42, 122.55), (82, 134.48), (14, 154.54), (94, 170.43), (84, 266.7), (69, 269.9), (33, 286.06), (1, 322.58), (99, 352.14), (2, 383.98), (30, 395.98), (44, 436.92), (29, 440.42), (76, 463.61), (73, 527.27)]
[(91, 430.9), (60, 466.59), (64, 483.09), (11, 487.65), (57, 543.83), (85, 553.12), (80, 744.84), (19, 777.8)]
[(23, 177.71), (48, 188.34), (20, 227.74), (6, 251.48), (62, 309.38), (63, 314.66), (58, 362.45), (75, 432.85), (61, 444.91), (69, 458.9), (51, 462.51), (41, 507.61), (12, 605.89)]
[(49, 134.42), (87, 160.45), (43, 167.9), (60, 188.48), (25, 241.69), (32, 249.02), (36, 267.83), (1, 268.3), (13, 286.38), (68, 338.7), (99, 369.83), (4, 443.27), (5, 467.27), (3, 480.51), (88, 513.23)]
[(30, 173.06), (33, 286.88), (56, 315.2), (14, 355.54), (54, 359.26), (12, 375.01), (80, 388.85), (35, 393.59), (40, 491.9), (3, 516.48), (41, 560.99), (77, 576.27)]
[(20, 159.23), (45, 181.35), (94, 189.1), (15, 263.71), (48, 306.4), (97, 314.39), (51, 344.68), (82, 348.86), (35, 351.21), (21, 364.85), (19, 373.95), (68, 380.87), (55, 393.0), (16, 492.55)]
